527 220 721 446
!
528 220 721 445
!
524 221 719 446
!
526 227 721 449
!
527 231 705 446
!
528 239 694 447
!
!
!
!
!
493 215 659 416
!
!
523 243 699 446
!
527 240 700 445
!
529 237 708 443
799 269 965 445
!
529 235 718 440
!
535 237 729 438
!
538 231 724 436
!
26 80 970 528
537 228 740 436
!
546 225 752 435
!
553 220 770 435
!
555 211 776 431
!
313 104 1228 520
566 217 774 433
!
314 105 1230 520
!
309 105 1234 521
!
313 104 1231 519
!
313 99 1238 521
!
312 100 1240 522
!
312 101 1242 522
!
312 102 1244 521
!
314 102 1245 522
!
27 85 986 529
!
29 90 980 527
!
31 95 977 531
!
305 111 1255 524
29 209 927 685
562 208 760 444
!
25 92 976 532
559 203 755 446
!
322 138 1240 513
27 226 933 684
547 193 751 451
!
28 199 937 683
335 144 1233 506
542 178 743 452
!
11 205 940 692
357 152 1238 498
514 156 732 443
!
15 203 937 694
355 148 1230 506
499 156 729 457
!
18 178 877 689
!
202 367 722 518
!
201 367 723 518
!
200 367 724 518
!
200 367 722 518
!
200 367 722 518
986 298 1121 641
!
199 367 723 519
987 298 1120 641
!
200 367 724 519
987 298 1119 640
!
196 367 726 521
985 296 1120 644
!
201 371 726 521
986 301 1118 641
!
202 371 724 521
984 301 1117 641
!
204 371 723 522
984 301 1117 642
!
203 368 723 518
984 301 1118 642
!
202 368 724 519
983 301 1118 643
!
204 370 722 521
983 302 1118 641
!
202 366 725 519
983 302 1116 639
!
202 364 725 521
983 301 1116 641
!
202 363 726 521
982 299 1117 643
!
201 361 728 522
986 299 1119 643
!
201 357 731 523
986 298 1120 643
!
166 319 691 493
!
167 317 688 492
!
168 316 688 493
!
170 313 688 497
!
171 312 691 498
!
171 310 692 500
!
170 309 693 501
!
168 310 694 499
!
167 311 695 495
!
169 310 695 495
!
169 312 694 494
!
166 320 697 491
!
211 354 718 519
!
212 358 717 518
!
213 360 709 516
!
215 357 709 516
!
215 360 707 516
370 283 456 478
!
216 362 708 516
369 283 457 474
!
215 362 710 516
!
212 356 712 519
!
208 358 716 522
!
208 358 717 523
!
209 361 716 523
!
211 360 709 521
!
210 364 697 521
360 296 450 507
!
208 365 696 520
358 295 451 514
!
206 370 693 518
987 305 1114 630
356 297 451 516
!
205 367 693 516
986 304 1109 633
!
204 368 693 515
984 308 1103 636
351 281 449 529
!
205 367 695 516
984 309 1105 636
!
204 365 695 515
984 309 1104 636
!
207 363 695 513
985 307 1094 636
!
210 371 692 522
985 307 1099 632
334 281 443 506
!
208 367 677 515
337 280 435 505
!
!
91 192 822 674
!
82 182 650 663
!
84 182 644 667
628 139 785 466
!
83 181 650 668
629 144 779 450
!
83 181 647 667
633 141 775 455
!
83 181 643 669
636 138 774 456
!
83 179 654 673
642 137 772 457
!
79 179 663 672
645 135 770 459
!
77 179 659 670
642 137 768 460
!
75 178 658 669
638 137 767 462
!
71 179 656 669
637 136 768 462
!
70 179 661 669
636 138 767 463
!
66 179 655 668
632 138 768 462
!
69 178 664 667
632 137 768 465
!
70 178 693 667
635 138 768 459
!
68 178 703 667
637 138 766 465
!
65 179 703 668
!
66 179 713 668
!
66 180 724 668
614 147 723 460
!
64 180 691 666
609 145 726 470
!
64 181 676 667
613 141 726 458
!
61 180 681 667
611 140 728 456
!
64 182 663 664
!
61 182 668 665
!
61 184 628 663
!
42 171 574 683
609 138 717 458
!
44 171 572 688
608 138 737 461
!
43 171 567 693
611 143 729 463
!
45 168 562 694
607 135 744 457
!
44 169 563 694
603 138 726 458
!
43 170 562 691
594 143 719 459
!
42 172 564 691
588 147 718 463
!
44 170 563 691
584 152 701 460
!
44 170 562 691
582 146 700 458
!
43 169 559 690
575 141 697 461
!
42 169 559 690
573 139 698 466
!
42 167 558 691
567 137 699 471
!
43 166 558 690
563 142 701 470
!
40 168 557 693
565 131 711 473
!
37 173 557 694
565 126 714 476
!
36 174 556 695
564 133 714 480
!
34 176 556 698
559 127 712 489
!
339 185 1248 697
33 179 556 698
560 129 700 479
!
31 180 555 697
560 132 697 472
!
29 180 555 698
559 131 688 460
!
25 184 554 698
555 131 696 456
!
25 180 555 699
558 130 701 452
!
22 180 555 699
554 128 700 456
!
20 182 556 699
546 124 691 452
!
20 182 555 699
550 129 687 460
!
19 179 554 698
551 128 685 471
!
17 181 554 698
553 129 687 460
!
16 181 554 698
554 132 692 449
!
15 182 554 698
554 133 700 457
!
15 182 555 699
557 139 698 452
!
15 182 556 698
559 142 699 446
!
15 182 557 699
559 141 701 448
!
15 181 558 699
558 139 700 455
!
